-7.13
-5.32
-5.45
-5.04
-7.27
-5.55
-7.40
-4.94
-5.16
-5.46
-7.33
-8.28
-4.99
-5.40
-5.17
-5.75
-5.10
-6.14
-5.11
-5.19
-6.00
-5.16
-7.02
-5.54
-5.50
-5.87
-5.17
-5.38
-5.47
-6.49
-5.70
-6.60
-6.08
-6.58
-5.23
-5.51
-7.08
-6.32
-5.47
-5.85
-6.56
-5.05
-5.12
-4.93
-6.69
-5.16
-6.94
-5.23
-4.96
-5.22
-6.86
-7.96
-5.20
-5.12
-5.70
-5.34
-5.56
-5.62
-5.57
-5.59
-5.59
-5.63
-6.54
-6.23
-5.19
-5.58
-5.34
-6.04
-6.05
-7.20
-5.43
-6.24
-6.74
-7.24
-5.37
-5.43
-7.44
-7.29
-5.53
-5.76
-6.08
-4.90
-4.98
-4.96
-6.26
-5.01
-6.54
-5.54
-4.96
-5.05
-6.43
-7.62
-5.44
-5.06
-6.20
-5.07
-5.97
-5.29
-6.02
-5.89
-5.30
-6.06
-6.27
-6.82
-5.07
-5.35
-5.65
-6.57
-6.33
-8.59
-5.22
-6.03
-7.78
-8.71
-5.53
-5.53
-8.95
-7.97
-5.65
-5.69
-6.32
-4.88
-4.97
-4.81
-6.47
-5.05
-6.74
-5.24
-4.88
-5.06
-6.67
-7.72
-5.17
-5.08
-5.76
-5.14
-5.47
-5.48
-5.60
-5.50
-5.43
-5.52
-6.47
-6.11
-5.11
-5.51
-5.26
-5.86
-5.75
-7.19
-5.33
-6.23
-6.55
-6.98
-5.28
-5.32
-7.00
-6.80
-5.44
-5.82
-8.12
-6.42
-6.49
-5.92
-8.28
-6.64
-7.48
-5.27
-5.86
-6.21
-8.20
-9.00
-5.40
-6.38
-5.18
-6.87
-5.28
-6.58
-5.31
-5.60
-7.04
-5.42
-7.77
-5.32
-6.45
-6.65
-5.73
-5.49
-5.76
-5.79
-6.63
-7.35
-5.92
-6.42
-5.84
-6.02
-6.37
-6.50
-6.05
-6.47
-5.25
-5.27
-5.48
-6.01
-5.39
-5.34
-5.65
-7.39
-6.00
-6.30
-5.56
-6.44
-6.63
-5.94
-7.10
-5.22
-8.04
-5.36
-7.97
-7.56
-5.52
-8.11
-5.68
-8.61
-6.00
-6.12
-7.82
-8.47
-8.36
—
-6.11
-5.78
-9.46
—
-7.82
-8.45
—
-9.41
-7.99
-7.11
-5.19
-5.60
-5.77
-6.24
-5.30
-5.75
-5.57
-6.71
-6.12
-6.26
-5.62
-6.22
-7.53
-6.30
-8.15
-5.36
-8.51
-5.68
—
-7.39
-5.83
-8.45
-5.90
-8.53
-5.83
-6.40
-7.74
-8.51
-8.56
-8.11
-6.32
-6.12
-8.95
-8.84
-7.61
-7.62
-9.27
-7.95
-8.00
-7.28
-5.93
-4.86
-5.11
-5.25
-6.10
-5.04
-6.27
-6.56
-5.27
-5.56
-6.23
-7.04
-6.67
-5.36
-7.50
-5.02
-7.41
-5.30
-7.44
-7.06
-5.44
-7.51
-5.99
-7.54
-5.46
-5.80
-7.13
-8.01
-7.76
-8.89
-5.73
-5.86
-8.53
-9.12
-7.16
-7.42
-9.29
-8.88
-7.60
-6.50
-5.52
-5.00
-5.10
-5.39
-5.66
-5.11
-5.84
-6.58
-5.32
-5.58
-5.79
-6.59
-6.49
-5.38
-6.93
-5.05
-6.99
-5.16
-6.97
-6.64
-5.33
-6.97
-5.71
-7.35
-5.45
-5.57
-6.90
-7.34
-7.14
-7.96
-5.64
-5.71
-7.88
—
-6.64
-6.93
—
-8.27
-6.85
-6.36
-6.51
-5.08
-5.26
-4.98
-6.67
-5.23
-6.77
-5.59
-5.08
-5.38
-6.66
-7.45
-5.66
-5.26
-6.31
-5.38
-6.90
-5.59
-6.24
-6.23
-5.74
-6.46
-6.30
-6.95
-5.40
-5.69
-6.17
—
-6.79
-7.80
-5.68
-6.01
-7.34
-7.83
-6.29
-6.41
-7.80
-7.68
-6.58
-6.06